10
1023
248
150
468
937
524
235
286
811
234
859
866
193
302
222
557
416
339
619
376
331
154
482
819
462
59
387
540
170
355
158
225
84
812
863
1019
226
98
201
838
86
450
756
932
227
902
494
950
409
402
96
834
651
677
299
212
568
301
463
853
763
11
114
534
128
367
1010
39
51
268
475
155
384
90
103
442
615
663
728
507
1002
205
309
688
79
314
372
200
164
806
311
35
558
255
531
758
269
300
770
133
49
454
190
701
532
495
913
601
262
1014
140
138
432
802
664
127
182
864
233
171
647
338
934
333
124
108
294
879
77
549
250
63
833
26
895
737
644
308
157
181
515
867
291
484
911
32
237
273
68
751
777
479
921
330
145
970
483
598
375
629
264
539
820
803
72
517
340
685
607
671
793
616
960
931
572
669
840
773
224
438
985
733
680
617
36
673
444
195
745
65
994
115
400
789
383
147
605
590
576
968
67
211
997
1
422
481
560
983
514
1018
397
280
599
62
519
851
440
307
130
682
48
247
788
489
750
772
14
735
752
667
1006
230
848
129
884
105
369
465
104
220
956
872
206
659
594
611
485
727
436
506
953
16
496
343
873
861
977
516
99
738
352
267
92
271
1013
862
695
719
317
136
707
725
898
905
783
951
418
414
351
344
636
210
125
903
551
743
378
327
347
900
251
990
927
988
7
29
952
276
541
528
132
526
69
1008
408
334
854
91
435
275
363
527
865
382
655
562
89
106
284
529
33
413
4
460
522
52
477
179
856
909
476
846
1001
530
180
219
518
371
18
169
832
245
456
249
151
322
976
795
521
726
917
631
962
471
510
323
431
8
143
381
242
501
596
717
747
798
595
365
94
78
882
639
360
804
650
215
641
600
579
424
625
239
797
981
1009
10
935
978
642
609
638
723
973
502
415
744
23
533
421
965
305
654
523
202
392
66
570
58
457
816
218
634
648
411
452
597
849
855
167
904
304
185
137
739
107
929
427
894
922
390
563
963
345
188
675
71
830
683
113
897
693
156
433
162
942
945
620
691
478
925
469
117
82
640
637
214
809
646
396
699
741
971
292
652
991
586
430
329
88
246
538
474
542
260
121
520
578
395
697
204
791
20
464
458
702
623
657
380
28
459
632
573
208
543
603
694
974
612
472
908
370
857
362
555
954
906
337
160
831
196
546
119
589
491
757
933
730
841
582
445
85
626
42
869
1015
627
912
303
75
374
490
141
282
1003
556
1016
779
621
826
290
470
100
946
938
709
429
847
508
944
159
192
800
359
748
135
221
232
845
174
704
829
889
348
361
420
668
1020
12
705
765
231
198
893
986
888
318
9
712
776
451
448
822
967
57
628
497
341
142
850
870
144
692
706
199
734
243
487
587
839
665
708
493
686
716
19
176
109
513
649
319
947
564
439
244
690
755
801
670
957
548
995
31
40
684
545
473
661
17
257
209
984
732
959
766
466
742
122
656
575
285
377
753
996
930
152
969
696
175
899
447
878
554
148
792
21
678
915
858
110
289
368
580
207
762
736
943
187
467
321
95
666
46
805
885
891
189
45
880
410
923
446
325
718
876
263
228
591
428
346
312
796
102
771
746
511
274
774
417
552
566
817
767
253
1022
298
662
731
293
5
781
47
512
835
979
401
74
837
887
525
2
860
455
449
602
537
391
279
453
784
353
581
37
379
406
955
123
681
388
588
398
550
823
790
38
87
1000
70
73
901
714
924
808
622
785
821
760
941
782
583
910
25
111
544
799
886
283
630
223
112
890
505
306
729
998
354
975
916
332
320
567
999
425
645
1005
689
813
419
41
236
907
93
824
807
892
238
488
815
561
710
592
165
754
653
173
852
881
660
810
948
161
926
270
868
252
116
547
577
827
559
297
698
535
404
30
715
277
0
265
584
966
44
426
22
15
373
503
509
918
177
166
342
500
405
326
131
394
310
50
139
163
27
939
336
197
389
254
711
643
536
118
928
553
24
191
610
768
55
980
492
80
461
386
296
982
871
740
585
64
278
313
940
958
825
498
168
366
633
896
81
486
184
614
61
216
658
437
720
172
350
126
356
97
1007
217
149
43
883
818
3
1017
920
989
358
441
13
749
679
60
272
403
259
256
780
844
613
287
724
700
761
241
412
828
134
794
261
618
992
56
624
565
676
357
606
83
328
936
993
842
914
229
6
335
604
240
393
874
480
1004
961
499
608
778
385
194
146
672
877
281
787
76
213
186
54
423
1012
987
574
964
258
364
315
722
266
34
972
288
721
836
203
120
759
814
434
703
635
295
153
786
764
843
687
875
949
674
399
53
569
769
593
324
316
443
407
178
101
183
1021
775
349
1011
919
713
571
504
